V1 V2 V3 V4 V5 V6 V7 V8 V9 V10 V11 V12 V13 V14 V15 V16 V17 V18 V19 V20 V21 V22 V23 V24 V25 V26 V27 V28 V29 V30 V31
1 0.174124627834701 0.174087126490863 0.173974586996061 0.173786902841218 0.173523896113012 0.173185316893551 0.172770842413752 0.17228007595423 0.171712545485518 0.171067702037446 0.170344917785345 0.169543483838364 0.168662607712742 0.167701410470032 0.166658923497227 0.165534084902375 0.164325735495462 0.163032614320073 0.161653353696589 0.1601864737322 0.158630376246896 0.156983338057489 0.155243778564707 0.153409071683883 0.151477430627626 0.149446550366298 0.147314490224506 0.145077493468955 0.142733262316903 0.140278728449752 0.13771059458573
2 0.174092918589984 0.17399271954093 0.173817396488604 0.173566783286089 0.173240641893783 0.172838661573607 0.172360457831817 0.171805571102643 0.171173465162849 0.170463525265297 0.169675055977175 0.168807278706184 0.167859328895096 0.16683025286224 0.165719004262012 0.164524440135856 0.163245316519995 0.161880283571431 0.16042788016848 0.158886527936044 0.15725452463889 0.155530036878427 0.15371129980278 0.151795700828259 0.149781250021 0.147666039475991 0.145446335950409 0.143119878266111 0.140683633889341 0.138134344218871 0.135468506013312
3 0.173997765502791 0.173834792064914 0.17359655545225 0.173282829460463 0.17289331532539 0.172427640707473 0.171885358418305 0.171265944879847 0.170568798304677 0.169793236583372 0.168938494862666 0.168003722795356 0.166987981439909 0.165890239784537 0.164709370866753 0.163444147455385 0.162093237257437 0.160655197606894 0.15912846958673 0.157511371528618 0.155802091827048 0.153998900962458 0.152099185966364 0.150100995957293 0.148001911907651 0.145799852983615 0.143490964517419 0.141072791989932 0.138542114575971 0.135895469948769 0.133129133878318
4 0.173839092441927 0.173613217532861 0.17331188657926 0.172934812738538 0.172481635758672 0.171951920747278 0.171345156674931 0.170660754601495 0.169898045611878 0.169056278445343 0.168134616799711 0.167132136289009 0.166047821029757 0.16488055982762 0.163629141932059 0.162292252322101 0.160868466481274 0.159356244613924 0.157753925248537 0.156059718166125 0.15427192829892 0.152387942738728 0.150405848613992 0.148323254462925 0.146138113114147 0.143846594013129 0.141446280353247 0.138933988207605 0.136306295191532 0.133559520424509 0.130689702080208
5 0.173616772281497 0.173327818059801 0.172963160695726 0.172522451962936 0.172005269188642 0.171411113800548 0.170739409598635 0.169989500738614 0.169160649411532 0.168252033201361 0.167262742099526 0.166191775152203 0.165038036712611 0.163800332266677 0.162477363795885 0.161067724636258 0.159569893786601 0.157982229612799 0.156302962887406 0.154530432101615 0.15266202491645 0.150695865418277 0.148629589133985 0.14646118168119 0.14418683637904 0.141804173144693 0.139310044097457 0.136701065851031 0.13397359982713 0.131123730207129 0.128147239183569
6 0.173330626538471 0.172978363896925 0.172550096103146 0.172045412632383 0.171463827282985 0.170804776493091 0.170067617371104 0.169251625424797 0.168355991971354 0.167379821207767 0.166322126917885 0.165181828789014 0.163957748306991 0.162648604194375 0.16125300735143 0.159769455254046 0.158196325756404 0.156531870238867 0.154774459847087 0.152921483381385 0.150971100825189 0.148920974133188 0.146769120863765 0.144511757974547 0.14214654114763 0.139670357721154 0.137079862391155 0.134371457865465 0.131541273203706 0.128585139513219 0.125498562615944
7 0.172980424862174 0.172564572771549 0.172072357764641 0.171503305928923 0.170856866243857 0.170132408657744 0.169329221865587 0.168446510770715 0.167483393609993 0.166438898719515 0.165311960914136 0.164101417450488 0.162806003538761 0.161424347363775 0.159954964570374 0.158396252161937 0.156746481753789 0.155004056230612 0.153166366160481 0.151231606354871 0.14919746465108 0.14706198972447 0.144821421940068 0.14247345181482 0.140015001102112 0.137442761690928 0.134753176588996 0.13194241863844 0.129006366641368 0.12594057851951 0.122740261068165
8 0.172565884372466 0.172086109071686 0.171529556330681 0.170895687578456 0.170183885495662 0.169393451840515 0.16852360496113 0.167573476974612 0.166542110590242 0.16542845555068 0.164231364661458 0.162949589374706 0.161581774888439 0.160126454717277 0.15858204468445 0.156946836277933 0.155219263195829 0.15339671845804 0.151477430627626 0.149459112894492 0.147339844250827 0.14511588824191 0.142784969317152 0.14034404286449 0.137789837102069 0.135118834380064 0.132327250259714 0.129411010054398 0.126365722465572 0.123186649884296 0.119868674854234
9 0.172086668842562 0.171542582870121 0.170921246998136 0.170222056537242 0.16944432619021 0.168587287614231 0.167650086652916 0.166631780215919 0.165531332780583 0.1643476124865 0.163079386789595 0.161725317637805 0.160283956125093 0.158753736574588 0.157132969994852 0.155420119962456 0.153612582685926 0.151708619396862 0.149705968122388 0.147602737394238 0.145395213714654 0.14308115458974 0.140657548283323 0.138121158503577 0.135468506013312 0.132695848060597 0.129799155321691 0.126774085997403 0.123615956643768 0.120319709245027 0.116879873948302
10 0.171542387721239 0.170933548781754 0.1702469281953 0.169481853495861 0.168637569519495 0.167713235688399 0.166707922945896 0.165620610317366 0.164450181068501 0.163195418428218 0.161855000838986 0.160427496692145 0.15891135849995 0.157304916449391 0.155606371275169 0.153813998491827 0.151925215579934 0.149938076679538 0.14785071910668 0.145659452101113 0.143362065375442 0.140955579331934 0.138436792353382 0.135802262712003 0.133048288340321 0.130170884162764 0.12716575663725 0.124028275097244 0.120753439413954 0.117335843412341 0.113769633368674
11 0.170932594988305 0.170258504646913 0.169506040084339 0.168674459190746 0.167762934824673 0.166770551802402 0.165696303517018 0.164539088159081 0.163297704506866 0.16197084724966 0.16055710180245 0.159054938564729 0.157462706569394 0.155778626460404 0.15400100278553 0.152127259286974 0.150155482028052 0.148083292426217 0.145908654089922 0.14362775626587 0.141238194726681 0.138736801737179 0.136120172201349 0.133384643762512 0.130526274510953 0.127540817956046 0.124423694862619 0.12116996148243 0.117774273628079 0.114230845933924 0.110531391367991
12 0.170256787835909 0.169516890031996 0.16869796287128 0.167799192511964 0.16681967748845 0.165758425387398 0.164614349129561 0.163386262825929 0.162072877172345 0.160672794341767 0.159184502327663 0.157606368685665 0.155936633613183 0.154173629763325 0.152314787847714 0.150358224776829 0.148301586904352 0.146142867350827 0.143878278739988 0.141505449969138 0.139021246414534 0.136422298758886 0.133704983410295 0.130865400573714 0.127899349639465 0.124802301497484 0.12156936731891 0.118195263265399 0.114674270486839 0.111000365774066 0.10714329731925
13 0.169514405167124 0.16870808453762 0.167822014912229 0.16685530839437 0.165806986596206 0.164675976980428 0.163461108780918 0.162161108467115 0.160774594712043 0.159300072818312 0.157735928550181 0.156080421312545 0.154331910930511 0.152487835836363 0.150546342708966 0.148505102330339 0.146362136567727 0.144113681200319 0.141757397385751 0.139290182862289 0.136708703262015 0.134009372838369 0.131188332889683 0.128241427550479 0.125164176567782 0.121951744614361 0.118598906611814 0.115100008439602 0.111449098040141 0.10761839671748 0.103686795874874
14 0.168704825901917 0.167831405902878 0.166877450602892 0.165841995477497 0.16472398234934 0.163522255372024 0.162235556562733 0.160862520844263 0.159401670551688 0.157851409352617 0.156210015523006 0.154475875122091 0.152646435094582 0.15071987080716 0.148693876975909 0.146566503469508 0.144334009006833 0.14199408616505 0.139543664315397 0.136979443232786 0.134297874122111 0.131495138382552 0.128567123788528 0.125509397712836 0.122317176953771 0.118985293651223 0.115508156682511 0.111879882991833 0.108075195347326 0.104167426983827 0.100031807994724
15 0.167827367079116 0.166886107892849 0.165863458036775 0.164758373517652 0.16356971321216 0.162296234466285 0.160936588209719 0.159489313541276 0.157952831735192 0.156325439611337 0.154605548521643 0.152790614752541 0.150878841277147 0.14886794626448 0.14675600685873 0.144539304508582 0.142215562392464 0.139781740805224 0.137234572879988 0.134570545903835 0.13178588041191 0.128876506745399 0.125838038706794 0.122665743883825 0.119354510138517 0.115898807666325 0.112292820335139 0.108513792219253 0.10462945755914 0.100518590774712 0.0962319636843294
16 0.166881281741468 0.165871377954653 0.164779156415517 0.163603490533516 0.162343152771273 0.160996809829717 0.159563017310411 0.158040213805842 0.156426714361634 0.154720954678399 0.152920401248167 0.151023283569226 0.149027342795112 0.146930682638204 0.144729607073099 0.142421869082809 0.140004459195348 0.137474143138607 0.134827443436245 0.132060618821084 0.129169641157898 0.126150169516677 0.122997520976867 0.119706637670148 0.116272049480243 0.112688005191081 0.108934417526889 0.105072987927798 0.100986450193245 0.0967255016035906 0.0922795707323055
17 0.165865756589103 0.164786334625505 0.163623593192642 0.162376319664202 0.161043196283734 0.15962279490211 0.158113571149771 0.1565138579887 0.154822114522597 0.153035818344537 0.151153224397851 0.149172096364496 0.147090563835487 0.144904953113652 0.142613046210477 0.140211863214985 0.137698201706748 0.13506861862318 0.132319409982078 0.129446588157439 0.126445856357073 0.123312579891288 0.12004175375085 0.116627965925666 0.113065528177349 0.109337650719114 0.10543708505742 0.101435497085698 0.0971997764891606 0.0927804606885829 0.0881665681584371
18 0.164779909384822 0.163630024674062 0.162395740929665 0.161075755716043 0.159668656887276 0.158172916839366 0.156586886149736 0.154909046379078 0.153136887145492 0.151268687759394 0.149302233986967 0.147235680625366 0.145065376114325 0.142789130737389 0.140403993490026 0.137906793080027 0.135294120057697 0.132562306837704 0.1297074053166 0.126725161741599 0.123610988428423 0.120359931856558 0.116966636585876 0.113425304334711 0.109722166333124 0.105843913794806 0.101865836815765 0.0976549046514291 0.0932617272482559 0.0886754112872512 0.0838844306157648
19 0.163622786092432 0.162401419953933 0.1610944938408 0.159700611371377 0.1582182614425 0.156645811954386 0.154981765979157 0.153223626109459 0.15136969494803 0.149417779912633 0.147366060350313 0.145210906653048 0.142950156638747 0.140580887571771 0.138099958583564 0.135503993057582 0.132789358940957 0.129952146692755 0.126988144531233 0.123892810586071 0.120661241493718 0.11728813689178 0.113767759167184 0.110088826034828 0.106232528423405 0.102277569402166 0.0980909967883987 0.093723492107606 0.0891642481921194 0.084401843768109 0.0794240570752349
20 0.162393357727067 0.161099413945624 0.159718663999544 0.158249613029242 0.156690645973124 0.155040286470827 0.153296051061527 0.151456264569826 0.149518755643573 0.14748172753899 0.14534157242254 0.143096154926651 0.140742579963385 0.138277736401532 0.135698279698302 0.133000612491681 0.130180862868828 0.127234859979563 0.124158106608725 0.120945748255038 0.117592538183802 0.114092797822274 0.110437699131353 0.106603013417942 0.102670789642667 0.0985081581093027 0.0941658711787392 0.0896332060115142 0.0848988432730465 0.07995068473035 0.0747756446621306
21 0.16109051689364 0.159722817960114 0.158266977176978 0.156721396244021 0.155084618427257 0.15335417520378 0.151528412555004 0.149605179948205 0.147582703922799 0.145457398249238 0.143227153671547 0.140889102144142 0.138440161604398 0.13587701884351 0.13319611037064 0.13039360099127 0.127465359775059 0.124406933034607 0.121213513871804 0.117879907770103 0.114400493615072 0.110768864478158 0.106955448415691 0.103045587235316 0.0989064884655365 0.0945889747132498 0.0900824058947524 0.0853755619055264 0.0804564642226132 0.0753121711375062 0.069910439431755
22 0.159713073986645 0.158270356973931 0.156738068277878 0.1551147698536 0.153398009123903 0.151586152168454 0.149677068873766 0.147669008450531 0.145558406110212 0.14334317802164 0.141020482591456 0.138587266173852 0.136040246173093 0.133375892170993 0.130590404805282 0.127679692080447 0.124639342739597 0.121464596262856 0.118150308981157 0.114690915700727 0.111080562196157 0.107289908341571 0.103402046896807 0.0992860824233564 0.0949929074212944 0.0905119631284699 0.0858321262112901 0.0809415342879522 0.0758273849672291 0.0704605287974544 0.0648938091094807
23 0.158259753021137 0.156740665061743 0.155130746192189 0.153427560802077 0.15162949401844 0.149734435757 0.147740657301076 0.145644615148128 0.143444250220193 0.141136746800786 0.138719079025451 0.136187994208851 0.133539994227249 0.130771314687389 0.127877901569225 0.124855384978111 0.121699049580305 0.11840380122085 0.114964129131533 0.111374238855734 0.107606463530603 0.103740248477874 0.0996470294416822 0.095377768586194 0.0909219872576261 0.0862686566386168 0.0814060271560956 0.0763214312963996 0.0709888532463482 0.0654541271780506 0.0596015242352592
24 0.156729187060822 0.155132550326026 0.153442835616178 0.151658446063586 0.149777291233 0.147797663894308 0.145716041684229 0.143530389620839 0.141237917303374 0.138835626029063 0.136320292337824 0.133688449641768 0.13093636767537 0.128060029459393 0.12505510542102 0.121916924252072 0.118640440014146 0.115220194910323 0.111650452545293 0.107905179847357 0.104060267075487 0.099989413938046 0.0957436521746698 0.091312582201186 0.0866852676637172 0.0818500686897703 0.0767944484478208 0.0714955531196034 0.0659921372780091 0.0601733767829388 0.0540773778923446
25 0.155120182580637 0.153443836345264 0.151673013618089 0.149805643242262 0.147840038900056 0.145772699229413 0.143601612700844 0.141324013681926 0.138936930027099 0.136437166833315 0.133821288308811 0.131085597495637 0.12822611354446 0.125238546190661 0.122118267021325 0.118860277051442 0.115459170040284 0.111909266003777 0.108186118802095 0.104362173141706 0.100313315404659 0.0960906469427297 0.0916838463626738 0.0870820679099873 0.0822737785166643 0.0772465680706272 0.0719807610111831 0.0665079919576985 0.0607223354500034 0.0546620509783476 0.0483033295012167
26 0.15343056317139 0.151673199355217 0.149819497035961 0.147867248697676 0.145814598493355 0.143657933072407 0.141395052584183 0.139023010850571 0.136538640873634 0.133938536936198 0.131219034588078 0.128376188221787 0.125405745892993 0.122303120982879 0.119063360229653 0.115681107571274 0.112150737840467 0.108449337663239 0.104646035018959 0.100618808509965 0.0964188365372728 0.0920358727356911 0.0874591602613626 0.0826772701544636 0.0776779152808229 0.0724446020093561 0.0670018357219555 0.0612485644298449 0.0552231985810907 0.0489021215403953 0.0422679479900246
27 0.151659003309048 0.149818855179401 0.147880381424996 0.145841747391775 0.143699361491953 0.141451047734457 0.139093885333014 0.136624734558601 0.134040219064617 0.131336706128417 0.128510284518278 0.125556739647002 0.122471525616634 0.119249733690148 0.115886056642736 0.112374922583352 0.108694889565797 0.104911909358764 0.100905963196267 0.0967282995933654 0.0923687490045192 0.0878166419699452 0.0830606511291855 0.078088608794038 0.0728871939335531 0.0674127701032687 0.0617522195312009 0.0557609963719917 0.0494767063274182 0.0428775092276396 0.0359065681879834
28 0.149803717553744 0.147878898299599 0.145854151051766 0.143725905867498 0.141492009943123 0.139149567322275 0.136695464923829 0.134126355084598 0.131438636048128 0.128628430113503 0.125691559111308 0.122623516818082 0.119419437853538 0.116074062523277 0.112581870723895 0.108922960118459 0.105159855684935 0.101174844773294 0.0970191098271839 0.0926825576398695 0.0881546047580644 0.0834240230870959 0.0784787610508368 0.0733057395825943 0.0678629945083642 0.062233448399558 0.0562756112319516 0.0500272712812816 0.0434637548868072 0.0365355288192399 0.0292749518619112
29 0.147862799044263 0.145851811815259 0.14373757126404 0.141517947114084 0.139190067690216 0.136750845952799 0.134196962251193 0.131524845051921 0.128730649360277 0.125810232508136 0.122759126925979 0.11957250945146 0.116245166646971 0.112771628758298 0.109134094858434 0.105328891726888 0.101425514007539 0.0972913361245669 0.0929773759898019 0.0884731349148933 0.0837674819003861 0.078848478334847 0.0737031775385634 0.0682915954963172 0.0626923907311564 0.0567672014751409 0.0505539945406234 0.0440283245188528 0.0371386496541574 0.0299237815358708 0.0222951069994895
30 0.145834729240612 0.14373435990701 0.141528864250227 0.139215394340295 0.136790888586777 0.134252054696371 0.131595350632851 0.1288169633027 0.125912784644582 0.12287838474717 0.119708981555323 0.11639940664649 0.112944239225329 0.109326915737232 0.105541136523489 0.101658027207228 0.0975450426251114 0.0932532763658775 0.0887723133877495 0.0840911177668052 0.0791978608839709 0.0740797244760151 0.0686986876129628 0.0631291784796411 0.0572359170634434 0.051057045198265 0.0445683386201253 0.0377161552654037 0.0305459308932277 0.0229648491498558 0.0149432256992317
31 0.143716271183801 0.141524763456875 0.139225552213092 0.136815600732541 0.134291643439152 0.131650167085062 0.128887389691743 0.125999236931301 0.122981315578674 0.119828883602146 0.11653681638308 0.113099740740803 0.109502243762229 0.10573559956912 0.101872436302718 0.0977802888017157 0.0935103261245181 0.0890522158681531 0.0843950153034019 0.0795270029949101 0.0744354853122489 0.0690843784376627 0.0635439360554027 0.0576818998118457 0.051536583524208 0.0450839775995821 0.0382682607888638 0.031141632973908 0.0236069762189378 0.0156355157074259 0.00720924564969255
