V1 V2 V3 V4 V5 V6 V7 V8 V9 V10 V11 V12 V13 V14 V15 V16 V17 V18 V19 V20 V21 V22 V23 V24 V25 V26 V27 V28 V29 V30 V31
1 0.188136993063915 0.18810177577518 0.187996090543284 0.187819837160536 0.187572848244604 0.187254888681496 0.186865654840166 0.186404773553134 0.185871800855724 0.185266220474769 0.184587442055585 0.183834799114066 0.183007546698343 0.18210485874208 0.181125825088738 0.180069448163072 0.178934639262868 0.177720214440115 0.176424889936641 0.175047277134415 0.173585876975499 0.172039073800298 0.17040512854599 0.16868217123886 0.166868192705159 0.164961035414521 0.162958383357686 0.160857750846113 0.158656470104459 0.156351677507697 0.153940495822657
2 0.188107215101663 0.188013118724561 0.187848473631115 0.187613123508077 0.187306844414351 0.186929344033436 0.186480260692915 0.185959162143856 0.185365544091309 0.184698828465035 0.183958361417647 0.183143411034991 0.182253164741311 0.1812867263789 0.180243112939103 0.179121250918229 0.17791997226816 0.176638009907472 0.175273992754077 0.173826440235233 0.172293756224748 0.170674222350319 0.168965990606234 0.167167075197595 0.165275343531932 0.163288506262091 0.161204106270452 0.159019506468346 0.156731876265774 0.154338391497134 0.151835254762936
3 0.188017857361424 0.187864809748954 0.187641082485544 0.187346462763066 0.186980669526632 0.186543352532595 0.186034091167735 0.185452393021027 0.184797692197546 0.18406934736192 0.183266639496666 0.182388769358246 0.181434854611058 0.180403926616751 0.179294926852892 0.178106702931485 0.176838004183811 0.175487476773401 0.1740536582939 0.172534971802622 0.17092971923399 0.169236074129327 0.167452073610772 0.165575609516912 0.163604418606105 0.161536071719887 0.159367961783178 0.15709729049954 0.154721285674301 0.152236151628364 0.149638768676072
4 0.187868848215892 0.187656729806992 0.187373750299446 0.187019639851402 0.186594059586187 0.186096600450866 0.185526781828833 0.184884049896286 0.184167775710371 0.183377253014647 0.182511695745169 0.181570235217797 0.180551916974622 0.179455697264079 0.178280439125883 0.177024908047873 0.175687767157396 0.174267571904852 0.172762764191175 0.171171665884553 0.16949247166422 0.167723241120488 0.16586189003038 0.163906180716798 0.161853711385942 0.159701904322311 0.157447992802743 0.15508925549457 0.152621898278948 0.150042859567937 0.147349015971031
5 0.187660068062977 0.187388711548184 0.187046261482363 0.186632390298446 0.186146700432913 0.185588722978763 0.184957916084031 0.184253663083948 0.183475270352847 0.182621964859356 0.181692891406076 0.180687109531965 0.179603590052653 0.178441211210311 0.17719875440086 0.175874899441946 0.174468219340023 0.172977174509416 0.171400106389653 0.169735230400209 0.167980628163236 0.166134238915308 0.164193850018015 0.162157086464359 0.160021399262837 0.157784052563705 0.155442374775051 0.152992573274306 0.150431643186505 0.147756508341122 0.144962080232338
6 0.187391348989504 0.187060538840874 0.186658351049786 0.18618439947578 0.185638226841294 0.185019303171699 0.184327023970917 0.183560708118989 0.182719595475616 0.181802844171202 0.180809527564162 0.179738630840176 0.17858904722558 0.177359573783408 0.176048906756095 0.174655636414145 0.173178241364422 0.171615082265565 0.16996439489072 0.168224282469664 0.166392707232916 0.164467481069496 0.162446255197424 0.160326508731373 0.158105536014837 0.155780714063238 0.153348251779489 0.150805199609641 0.14814852728659 0.14537318267481 0.142475594237156
7 0.18706247429759 0.186671946160001 0.186209703868515 0.185675301699415 0.185068221465676 0.184387870735415 0.183633580774474 0.182804604197501 0.181900112309459 0.180919192116816 0.179860842984512 0.178723972911597 0.177507394394497 0.176209819842771 0.174829856507364 0.173366000875969 0.171816632483965 0.170180007082354 0.168454249096072 0.166637343296815 0.164727125603866 0.162721272914011 0.160617291847424 0.158412506279637 0.156104043510305 0.153689005620276 0.151163605444466 0.148525154521662 0.145768636550144 0.142890531008115 0.139886394302885
8 0.186673177890779 0.186222617830961 0.185699953753493 0.185104679173864 0.184436213624758 0.183693900642954 0.182877005467217 0.181984712429391 0.18101612201844 0.179970247594051 0.178846011723131 0.177642242108886 0.176357667077928 0.174990910586243 0.173540486699465 0.172004793496946 0.170382106342144 0.168670570454029 0.166868192705159 0.164972832561531 0.162982192067445 0.160893804764443 0.158705023417212 0.156413006400282 0.154014903335648 0.151506933884331 0.148885888568232 0.14614852530864 0.143289634261778 0.140305402097788 0.137191090889845
9 0.186223143516241 0.185712187124885 0.185128682410504 0.184472060775474 0.183741677917639 0.182936811574227 0.18205665896173 0.181100333891834 0.180066863540504 0.178955184844148 0.177764140493042 0.176492474488191 0.175138827223172 0.173701730047274 0.172179599260341 0.170570729482991 0.168873286338131 0.167085298370852 0.165204648123522 0.163229062271188 0.161156100708603 0.158983144464387 0.156707382299176 0.154326010227533 0.151835254762936 0.149231959502877 0.146512928761253 0.143672989306754 0.14070838103296 0.137614420018392 0.134386049248421
10 0.185712003858359 0.185140235199759 0.18449541821811 0.18377692066732 0.182984032662546 0.182115964168044 0.18117184216405 0.180150707470323 0.179051511200721 0.177873110819619 0.176614265766964 0.175273632614226 0.173849759708395 0.172341081255365 0.17074591078741 0.169062433951924 0.167288700549864 0.165422615742364 0.163461930332451 0.161404230015365 0.159246923475495 0.156987229189704 0.154622388407957 0.152148634605609 0.149562863042874 0.146861923140366 0.144040677719037 0.141095418407401 0.138021513911767 0.134813964943987 0.131467367780997
11 0.185139339478074 0.18450628988077 0.183799634841147 0.183018676736779 0.18216263814804 0.181230659075082 0.180221793814775 0.17913500747256 0.177969172080512 0.176723062289088 0.175395350595492 0.173984602066584 0.172489268508618 0.170907682029527 0.169238047932076 0.16747843686768 0.165626776170982 0.163680840283754 0.161638240163914 0.159496411559897 0.157252602013153 0.154904096843605 0.152447136677876 0.149878667022616 0.147195581157457 0.144392777404982 0.141466597687471 0.138412462002429 0.135225427292633 0.131900151662753 0.128429781842053
12 0.184504677591427 0.183809824272139 0.183040749666857 0.182196688845597 0.181276794685184 0.180280134798633 0.17920568810312 0.178052340998451 0.176818883124012 0.175504002657898 0.174106281116901 0.172624187610473 0.17105607249542 0.169400160370769 0.167654542343932 0.165817167489703 0.163885833412488 0.161858175809448 0.159731656917261 0.157503552707901 0.155171191397902 0.152730821031393 0.150179435941995 0.147513972057771 0.144729362661005 0.14182199857223 0.138787349782821 0.135620528015622 0.132316251576341 0.128867758133917 0.125270734973749
13 0.183807490679445 0.183050255191528 0.182218122053495 0.181310256880913 0.180325740447548 0.179263565308386 0.178122632037237 0.176901745047516 0.175599607960532 0.174214818480733 0.172745862731876 0.171191109001801 0.169548800836418 0.167817049415229 0.165993825131403 0.164076948288512 0.162064078813463 0.159952704870712 0.157740130245661 0.155423724870688 0.152999744547286 0.150465231013795 0.147817161672039 0.145050504230191 0.142161697055389 0.139146258873274 0.135999354778794 0.13271576170086 0.129288805132147 0.125714201911992 0.121984453128894
14 0.183047194920569 0.182226941416864 0.181331051379834 0.180358618594085 0.179308649084254 0.17818005741055 0.176971662552038 0.175682183342513 0.174310233419287 0.172854315639565 0.171312815913083 0.169683996392665 0.167965987956254 0.166156781904811 0.164254220789849 0.162255988271994 0.160159597897828 0.157962380665498 0.155661747035511 0.153253960976998 0.150736110208399 0.148105212465378 0.145356269355824 0.142485765483998 0.139489267086397 0.136361991263264 0.133098772035806 0.129693019728617 0.126140481121481 0.122433752601848 0.118565687731236
15 0.182223148435348 0.181339181733951 0.180378774882431 0.179340947212567 0.17822462708938 0.177028647855533 0.175751743333393 0.174392542845596 0.172949565709767 0.171421215156838 0.169805771615733 0.168101385299122 0.166306068016012 0.164417684126496 0.162433940541897 0.16035237565961 0.158170347105654 0.155885304674619 0.153493520980695 0.150992128295917 0.148378183583451 0.145646721832009 0.142794272613963 0.139816448488048 0.136708517232494 0.133465368474853 0.13008049448114 0.126549672325945 0.122865590531187 0.119021185916044 0.115008962205766
16 0.181334649331816 0.180386212771774 0.179360465265845 0.178256348808093 0.177072710908977 0.175808300162111 0.174461761335031 0.173031629940342 0.171516326237689 0.16991414861015 0.168223266251051 0.166441711088202 0.164567368862397 0.162597969265215 0.160531075027408 0.158364069833258 0.156094144917754 0.153718472163305 0.151233336885789 0.148635554112761 0.145921922051384 0.143087283662501 0.14012787345501 0.137039008595726 0.133815632875792 0.130451317708287 0.126941870787963 0.123280069711572 0.119458932226177 0.115471051316416 0.111291001442567
17 0.180380933538401 0.179367206610628 0.178275228069134 0.177103859402439 0.175851863764547 0.17451790113435 0.173100522961433 0.171598166249623 0.17000914702284 0.168331653110346 0.166563736179679 0.16470330293558 0.162748105391628 0.160695730107843 0.158543586271954 0.156288892483783 0.153928859108197 0.151459784463923 0.148878527480575 0.146181927050081 0.143364860357608 0.14042360872944 0.137353537468005 0.134149643126704 0.130805575058225 0.127317167392161 0.123677288320256 0.119879032770569 0.115914886807072 0.111762840519647 0.107482346633079
18 0.179361172409513 0.17828126814637 0.177122098769782 0.175882441789615 0.174560972169301 0.173156257044608 0.171666749886783 0.170090784055644 0.168426565680741 0.166672165800145 0.164825511676548 0.162884377199054 0.160846372265825 0.158708931027454 0.156469298853155 0.154124723408638 0.151671516427416 0.149106579325568 0.146426790549961 0.14362706098461 0.140703717470224 0.137652172226836 0.134467473208523 0.131144268169866 0.127675648712964 0.124057340002114 0.120281588871697 0.116340966504999 0.112216330089427 0.10796067601822 0.103460699793697
19 0.178274470087061 0.177127432191986 0.175900039603972 0.174590982050764 0.173198842110527 0.171722089452716 0.17015907447624 0.168508021284114 0.1667670199253 0.164934017824882 0.163006810312426 0.160983030145616 0.158860135911139 0.156635399167345 0.154306103696968 0.151868575116949 0.14931975591647 0.146656562998191 0.143873940429916 0.14096825930131 0.13793497756558 0.134769193254082 0.131465609120027 0.128017397100602 0.12442031395011 0.12066669715502 0.116749200612143 0.11265157361355 0.108420299511553 0.103946322283204 0.0992772970819027
20 0.177119860599088 0.175904660295328 0.174607936079458 0.173228285735119 0.171764194868102 0.170214030627524 0.168576034771572 0.166848316009766 0.165028841544116 0.163115427720641 0.161105729690042 0.158997229961627 0.156787225717366 0.154473035671667 0.152050999846855 0.149518100394774 0.146871291604266 0.144105550222002 0.14121729035707 0.13820201454369 0.135054869603751 0.131770611848421 0.128342490740612 0.124766294981404 0.121034449633603 0.117139688974659 0.113068668851955 0.108800293089889 0.104412860464763 0.0997709769245015 0.0949220919978902
21 0.175896304674323 0.174611837249225 0.173244593154311 0.171793073677005 0.170255662435423 0.168630618532966 0.166916068998366 0.16511000043491 0.163210249791744 0.161214494157816 0.159120239464456 0.156924807965935 0.154625552122204 0.15221882693296 0.149701652805779 0.147071020374486 0.144321938569718 0.141450863324829 0.138453340633891 0.135324564857772 0.132059344464999 0.128651003738076 0.125095363609221 0.121384933788162 0.117512526652685 0.113467708025929 0.109222832408176 0.104860432498864 0.100245170533389 0.0954245745740141 0.0903846314898435
22 0.174602686248873 0.173247767267287 0.171808731051585 0.170283977415179 0.168671782504791 0.166970291335768 0.165177509546516 0.163291294286365 0.161309344139052 0.159229187969821 0.157048172567625 0.154763682951857 0.152372089718177 0.149870450127273 0.147255790143963 0.144523150397958 0.141669027484564 0.138689009766334 0.135578337925368 0.132331871225415 0.128943006108863 0.125407596110636 0.121718232642584 0.117867804004014 0.113848760261398 0.10962698201053 0.105289150627644 0.100700002719872 0.0959071434429101 0.0908966633156476 0.0856538768483758
23 0.173237808638287 0.171811169795355 0.170298980676105 0.168699534176529 0.167010992974489 0.165231381386576 0.163358576369383 0.161390297568983 0.15932409630844 0.157157343387061 0.154887455198418 0.152510818595976 0.150024526295932 0.147425638606236 0.144709227380789 0.141871828745899 0.138909072369863 0.135816244070727 0.132588252582254 0.129218563941707 0.125703064590371 0.12203442483517 0.118205606764653 0.114209142495144 0.110012836102241 0.105699121314858 0.101135592206947 0.0963699299380314 0.0913883258426552 0.0861762253931598 0.0807180079106091
24 0.171800390344938 0.17030067492481 0.16871387859543 0.167038181381313 0.165271625929243 0.163412108619895 0.161457369739841 0.159404982605557 0.157252341515168 0.154996893052885 0.152635041031674 0.150163912231477 0.147580600340486 0.144880207972045 0.142059309682413 0.139113575410406 0.136038334955926 0.132828545233002 0.129477739381681 0.125981837040751 0.122333584685634 0.118526016123172 0.114551743035102 0.110380483538763 0.106090445382948 0.101552051765841 0.0968130590899943 0.0918597570233209 0.0866777178484952 0.0812514809353348 0.0755582517504441
25 0.170289060466909 0.168714818369714 0.167051861542081 0.165298250621658 0.163451901039464 0.161510573311037 0.159471862293103 0.157333185283491 0.155092017876141 0.15274478158164 0.150288635858606 0.147720706836429 0.145036127433469 0.142231509563325 0.139302562426584 0.136244658680879 0.133052802164786 0.129720590698021 0.126243977397933 0.122615782258082 0.118829108791431 0.114876645843019 0.110730007968931 0.106463218147185 0.101949488348354 0.0972366497640455 0.0923110882464561 0.0871584990856018 0.0817635762937876 0.0761073348438458 0.0702070393411417
26 0.168702353670249 0.167052035964893 0.16531126038878 0.163477961058669 0.161549918317509 0.159524748120034 0.157399890276635 0.155172848213648 0.152840061910425 0.150398722126766 0.147845986516942 0.145177017860427 0.14238846438264 0.139476073562612 0.136435259820371 0.133261072696026 0.129947172330969 0.126489545594464 0.122881083420023 0.119114957070842 0.115183930233263 0.111061487975852 0.106817529546772 0.102328003215135 0.0976408147921463 0.092742444479339 0.0876187071035326 0.082254446258853 0.0766332027863847 0.0707064906358436 0.0645588072170811
27 0.167038704681727 0.165310657636579 0.163490293541977 0.161575412176378 0.159563650160858 0.157452469342814 0.155239399808193 0.15292090080584 0.150494193027759 0.147956464758391 0.145302908205256 0.142530206885753 0.139634145598497 0.136610179458239 0.133453402514998 0.130157534935318 0.126718597608333 0.123129549897545 0.11938362891445 0.115473670942588 0.111374997215122 0.107153464272723 0.102687692059876 0.098025661099881 0.0931539444033103 0.0880584731790344 0.082724235873192 0.0771349512171302 0.0712444756077283 0.0651322968714808 0.0586530904749011
28 0.165296442253591 0.163488900790913 0.161587059691851 0.15958857582237 0.157490932602532 0.155291685610662 0.152987314192012 0.150575067611232 0.148052163908765 0.145413824298252 0.142656766593589 0.139776811977628 0.136769455218766 0.133629833715451 0.130351725420778 0.126931185508543 0.123361239326754 0.11963518798498 0.115745744360916 0.111670604549971 0.107471101892387 0.103028645129395 0.0983912898282458 0.0935457005430866 0.0884779220088133 0.0831730831095851 0.0776150745156671 0.0717601195688613 0.0656826210566556 0.0592411413225022 0.0524675454227382
29 0.163473782545573 0.161584863058384 0.159599529848595 0.157515287455423 0.155329715788929 0.153039315140418 0.150641361998076 0.148133103303611 0.145509788866371 0.142768169824312 0.139904102831794 0.136913121295325 0.133790404829271 0.130529786989179 0.127127357497329 0.123576205301583 0.119869693708902 0.116000604669758 0.111948374182915 0.107770516970336 0.103350947339599 0.0987377964504579 0.0939178193900171 0.0888771718444924 0.0836011190225777 0.078073717900712 0.0722535743627184 0.0662099539787679 0.0598053079673428 0.05307172132027 0.0459802749144431
30 0.161568821862142 0.159596514323954 0.157525538585246 0.155353497734797 0.153076913878953 0.150693089391743 0.148199299279776 0.145590821549624 0.142864439712609 0.140016045003633 0.137041208476339 0.133935150856296 0.130691759154242 0.127307157951283 0.123774497418028 0.120087201326687 0.116238118718015 0.112208365783492 0.108051779185389 0.103654678387178 0.0990652708838316 0.0942704015194433 0.0892563346205578 0.0840084678918434 0.0785110192872957 0.0727249834605299 0.0667144608239656 0.0603457780804064 0.0536512338705542 0.0466003659583992 0.0391375617097853
31 0.159579528674652 0.157521687963041 0.155363036069052 0.153100117798989 0.15073026008749 0.148250765187027 0.145656938915239 0.142945596226638 0.140112662066622 0.137153744168587 0.134064103291313 0.130837679338821 0.127470627448137 0.123956161314941 0.120287761939281 0.116458343526621 0.1124506346116 0.108314953443479 0.103939912856947 0.0993737975966985 0.0946035417023069 0.0896155160755049 0.0843952473575496 0.0789271094409504 0.0731744822076958 0.0671962980030932 0.0608627298363608 0.0542062845238315 0.0471967813031925 0.0397766721050097 0.0319769095490673
