V1 V2 V3 V4 V5 V6 V7 V8 V9 V10 V11 V12 V13 V14 V15 V16 V17 V18 V19 V20 V21 V22 V23 V24 V25 V26 V27 V28 V29 V30 V31
1 0.0391019258763902 0.0390662760146152 0.0389592864505115 0.0387808373155808 0.0385307290495545 0.0382086827119968 0.0378143403800666 0.0373472655940458 0.0367459086452002 0.0361317475836763 0.0354430775325537 0.0346791513531492 0.0338391442287441 0.0329221530070464 0.0319271950412131 0.0308532064205399 0.0296990394794281 0.0284634594737857 0.0271451403182645 0.0257426592867673 0.0242544905929046 0.0226789977875849 0.0210144249380544 0.0192588865863409 0.0174103565245122 0.0154666554669351 0.0134254377411058 0.0112841771505188 0.00902574384314326 0.0067094101355898 0.00423669615748596
2 0.0390717822199152 0.0389765254143644 0.0388098322662777 0.0385715163036983 0.0382613116180256 0.0378788732495937 0.0374237776279293 0.0368955230193145 0.0362324947673091 0.0355561061953154 0.0348045877490526 0.0339771274163487 0.0330728349845802 0.0320907409702982 0.0310297949566265 0.0298888632272604 0.0286667255859162 0.0273620712536842 0.0259734937449012 0.0244994846355328 0.0229384261574974 0.0212885825783172 0.0195480903582233 0.0177149471153225 0.0157869994719646 0.0137619298974938 0.0116372426967103 0.0094017774444172 0.00710050766092314 0.00464389407311549 0.00208592144735046
3 0.0389813226655485 0.0388263725854228 0.0385998299442008 0.0383014418867473 0.0379308764423074 0.0374877229573004 0.0369714925436061 0.0363205833297461 0.0356564213857234 0.0349172499010063 0.0341022696545367 0.0332106033383972 0.0322412945707835 0.0311933063345954 0.0300655187308835 0.0288567259357813 0.0275656322526467 0.0261908471584118 0.0247308792556788 0.0231841290604847 0.0215488805805787 0.0198232916706567 0.0180053831886587 0.0160930270192964 0.0140839330734436 0.0119756354080531 0.00976315738115822 0.0074767687257005 0.00503600592037554 0.00249510679608649 -0.000154062314148298
4 0.0388304614995908 0.0386156754814552 0.0383290813050306 0.0379703600128492 0.037539113895215 0.0370348669366574 0.0363960300746955 0.0357440421433923 0.0350171590828067 0.0342145944547427 0.0333354838277942 0.0323788838684647 0.0313437708755405 0.030229038647391 0.0290334955708576 0.0277558608227726 0.0263947595817788 0.0249487171597284 0.0234161519793711 0.0217953673488673 0.0200845420142171 0.0182817195074234 0.0163847963497012 0.0143915092117407 0.0122994211706041 0.0101059072245414 0.00783824199066516 0.00541310107371739 0.00288897197514814 0.000259550423684513 -0.00249010514389106
5 0.0386190560001742 0.0383442352382427 0.0379973315993127 0.0375779603436136 0.037085658355223 0.0364588494055121 0.0358189851119854 0.0351043341753212 0.0343141229365247 0.0334474998186096 0.0325035344907762 0.0314812164932158 0.0303794532127586 0.0291970670981554 0.0279327920055462 0.0265852685706463 0.0251530385148536 0.0236345378091117 0.0220280886419476 0.020331890167767 0.0185440080471232 0.0166623628316467 0.014684717288922 0.0126086628014945 0.0104316049990346 0.00812393533589928 0.00577524198346941 0.00326760222538317 0.000664831549433986 -0.0020745060593807 -0.00492540354334549
6 0.0383469066288348 0.0380117964213852 0.0376042697911457 0.0371238765481502 0.0365090533228779 0.0358812645371199 0.0351787916648726 0.0344008738266829 0.0335466722833558 0.0326152696682265 0.0316056686971159 0.0305167902468859 0.0293474706915558 0.0280964583863009 0.0267624091947612 0.0253438809652153 0.0238393268765506 0.0222470875968954 0.020565382226023 0.018792298027586 0.0169257789972445 0.0149636133554573 0.0129034200933122 0.0107426347275189 0.00845595697957057 0.00612248472831465 0.00363107503117547 0.00106102946506194 -0.00167470922766208 -0.00450581628997568 -0.00746577561205292
7 0.0380137572790639 0.0376180473114879 0.0371495288544342 0.0365466514227758 0.0359308922644655 0.0352405456416674 0.0344748634582603 0.0336330198010729 0.0327141102353975 0.0317171505949266 0.0306410751578065 0.0294847340981258 0.0282468901029325 0.0269262140494746 0.0255212796465229 0.0240305569583469 0.0224524047506246 0.0207850616249367 0.019026635942329 0.0171750945757263 0.0152282505733776 0.0131837498558512 0.0110390570990846 0.00877330500387916 0.00645487953505357 0.00397946070036073 0.00138638895991627 -0.0013154141345791 -0.00410227592084204 -0.00704145282824439 -0.0101190395628668
8 0.0376192955621796 0.0371626202017269 0.0365716508948241 0.0359678777380639 0.0352896077983261 0.0345361057695121 0.0337065585569942 0.032800074631582 0.0318156828944124 0.0307523309451673 0.0296088826434816 0.0283841148535306 0.0270767132658807 0.025685267199057 0.0242082632971451 0.022644078059506 0.0209909691649571 0.0192470655856777 0.0174103565245122 0.0154786792513735 0.0134497059552587 0.0113209297603397 0.00907600841456393 0.00677247126694672 0.00431282291044696 0.00175090789745837 -0.000904007036249104 -0.00371467786391191 -0.00663349449770177 -0.00968889191573353 -0.0128348523799405
9 0.0371631531053134 0.0365840565209766 0.0359922279989343 0.0353259874285656 0.0345846123029106 0.0337673023420818 0.0328731789011312 0.0319012839048729 0.0308505782030726 0.0297199392363557 0.0285081579029394 0.0272139345197586 0.0258358737792591 0.0243724786161481 0.0228221429171674 0.021183143032315 0.0194536280777187 0.0176316090580078 0.0157149468775011 0.0137013393506915 0.0115883073559973 0.00936409239143104 0.00707529988199652 0.00463121922242736 0.00208592144735051 -0.000562622279280965 -0.00334292498051252 -0.00624177676779621 -0.00927551465085686 -0.0123974084730862 -0.0157167478535706
10 0.0365838706746503 0.0360039476839987 0.0353496914261171 0.0346203922042113 0.0338152625525292 0.0329334366936132 0.0319739695382303 0.0309358351223901 0.0298179243724177 0.0286190420884285 0.0273379030393794 0.0259731270700223 0.0245232331321592 0.0229866321705921 0.0213616188184277 0.0196463618872295 0.0178388936741983 0.0159370981495685 0.0139386981285397 0.0118412415669561 0.00963757866865391 0.00736340086237998 0.00493470156348385 0.00240576828433995 -0.000230890694463668 -0.00298692691380513 -0.00586618516611456 -0.00887875931260932 -0.011977244508315 -0.0152796408424138 -0.0187004766427348
11 0.0360030390253568 0.0353607242838677 0.0346434522216931 0.0338504481892568 0.0329808592638231 0.0320337533098068 0.0310081174925844 0.0299028561374648 0.0287167878245309 0.0274486416123156 0.0260970522897523 0.0246605545672251 0.0231375761346205 0.0215264295375198 0.0198253028526225 0.0180322491791288 0.0161451750032752 0.0141618275342859 0.0120797811459153 0.00989642307749031 0.00763680561624731 0.00522331667973358 0.00271051338667585 9.05523104136631e-05 -0.00264659951158541 -0.00550661381477486 -0.00849848894080595 -0.011635217385329 -0.0148562248909802 -0.0182577337290709 -0.0218113024664345
12 0.0353590880933086 0.0346537967055439 0.0338728658574604 0.0330154554717172 0.0320806463388993 0.0310674387031799 0.0299747502100369 0.028801413107136 0.0275461705913022 0.0262076722003181 0.0247844681589707 0.0232750026049448 0.0216776056425544 0.0199904842010734 0.0182117117093835 0.0163392166381876 0.0143707700021161 0.0123039719506427 0.0101362375990037 0.00783450669676735 0.00549710656026436 0.00300021578915132 0.000401101721873386 -0.00232186431771249 -0.00516296472191311 -0.0081345771634826 -0.0112490922506843 -0.0144532243040684 -0.0178321755839485 -0.0213620642858299 -0.0249984102665372
13 0.034651427607449 0.0338825197662566 0.0330372317823101 0.0321146573491437 0.0311138097448695 0.0300336198635585 0.0288729335169184 0.0276305078992596 0.0263050071139761 0.0248949966697008 0.0233989368697127 0.0218151750395765 0.0201419365658435 0.0183773147526255 0.016519259541669 0.0145655651823022 0.0125138569749058 0.0103615772357829 0.00807859877701662 0.00575610883351392 0.00327492902976079 0.000700182713274546 -0.00201264812657486 -0.00483514714532938 -0.00778690736715354 -0.0108797524281051 -0.014066812677575 -0.0174236839691675 -0.0209303929938059 -0.0245414650589778 -0.0283706670371743
14 0.033879411728439 0.0330461922655696 0.0321357926687774 0.0311472392103696 0.030079475968041 0.0289313622221721 0.0277016690335467 0.0263890748993209 0.0249921603943798 0.0235094017197857 0.0219391631005626 0.020279688001954 0.0185290891663105 0.0166853375107885 0.014746249966485 0.0127094763771913 0.0105724856020474 0.00830806803795551 0.00600035713712562 0.00353470156767541 0.000987250420424377 -0.00171888259524898 -0.00452307702329709 -0.00745537194058313 -0.0105270578608835 -0.0136932677077176 -0.017032147920887 -0.0205161530490962 -0.0241025616141149 -0.0279120362602972 -0.0318686776973741
15 0.0330423385963385 0.0321440562307937 0.0311677332950326 0.0301123269913984 0.0289767099811082 0.0277596670695074 0.0264598909863821 0.0250759771675446 0.0236064174577745 0.0220495926748339 0.0204037640002516 0.0186670631946096 0.0168374816723267 0.0149128585108792 0.0128908675072303 0.0107690034217686 0.00852293309550229 0.00622988146223085 0.00377957717356234 0.00120075454850667 -0.00145617043356697 -0.0042266764675976 -0.00713987158791283 -0.0101908794074563 -0.0133342087277468 -0.0166574632721942 -0.020119217916755 -0.023681540459006 -0.027471228275507 -0.0314029420352226 -0.0355080078359783
16 0.0321394495730246 0.031175295797266 0.0301321790004403 0.0290089851436531 0.0278045126633633 0.0265174683708828 0.025146462369217 0.0236900019058842 0.0221464840991201 0.0205141874999434 0.0187912624836765 0.0169757205009425 0.0150654222575167 0.0130580649304294 0.0109511685563692 0.00872321012381612 0.00644470847318779 0.004009595293249 0.00146227975206666 -0.0011474196447221 -0.00394587331392177 -0.00684031470691923 -0.00987109804972929 -0.0129921419661804 -0.0162995322311445 -0.0197394694273371 -0.0233392885148147 -0.0270481368624766 -0.0309554128935696 -0.035034925934981 -0.0393013922906292
17 0.0311699281187788 0.0301390356615483 0.0290281936528176 0.0278362140545158 0.0265618176177382 0.0252036289298927 0.0237601704126826 0.0222298552063643 0.0206109788996958 0.0189017100952746 0.0171000798355583 0.0152039699535631 0.0132111004502512 0.011119016030262 0.00890891311316997 0.00664486180363315 0.0042247913856684 0.00170280349243912 -0.000911206870057445 -0.00368060072496723 -0.00655661682819207 -0.00956760416718597 -0.0126669243132813 -0.0159582630080998 -0.0193767972056212 -0.0229535976421423 -0.0266426633149171 -0.0305259723733845 -0.0345804227724537 -0.0388201382249054 -0.0431990751491535
18 0.0301328982410831 0.0290343390456394 0.0278547770672712 0.026592946863855 0.0252474873346543 0.0238169358587932 0.0222997213332921 0.0206941560673409 0.0189984265188601 0.017210582894042 0.0153285276687793 0.0133500031286095 0.0112725780542874 0.00908005410694598 0.00683036232972184 0.00442519723601236 0.00191883566288622 -0.000686959866850228 -0.00343079684164272 -0.0062887001110043 -0.00928029687346782 -0.0123584238985946 -0.0156335694868049 -0.0190310981619422 -0.022585374832157 -0.0262506600433335 -0.0301092413233694 -0.0341443713700331 -0.0383578891674158 -0.0427085683816956 -0.0473155064666691
19 0.0290274224537344 0.0278602051120584 0.0266108618202302 0.0252780456264461 0.0238603086616104 0.0223560953268154 0.0207637343482595 0.0190814296821846 0.0173072502862447 0.015439118811195 0.0134747993043335 0.0114118840471046 0.00923664341846913 0.00700122842134592 0.00461084124489222 0.00211992552458572 -0.000475112396281959 -0.00319640447809083 -0.00603649289176315 -0.00900908341193212 -0.0120665193406787 -0.015325370934285 -0.0187022760397401 -0.0222345009112045 -0.0258757421114233 -0.0297161588272586 -0.0337266511445746 -0.0379145053113498 -0.0422375640955365 -0.0468201385093591 -0.051585564066611
20 0.027852499186125 0.0266155657734083 0.0252953094085418 0.0238902967790545 0.0223989875493512 0.0208197265724804 0.0191507349604454 0.017390100025433 0.0155357641410382 0.0135855126097726 0.0115369606545832 0.00937868982838695 0.00715747617207012 0.00478174869432838 0.00230610968269162 -0.000276069251245554 -0.00297737085631831 -0.00579992928101595 -0.00875387860678106 -0.0117910990558393 -0.0150301888945759 -0.018390241013556 -0.0219008650957227 -0.0255186368795519 -0.0293407831146631 -0.0333271481684844 -0.0374898547372409 -0.041785905691981 -0.0463443137561636 -0.0510814518246914 -0.0560341765797168
21 0.0266070595863299 0.0252992818462667 0.0239069057124055 0.0224284058830315 0.0208621430605543 0.0192063551840601 0.0174591475382089 0.0156184817829821 0.013682163985555 0.0116478317672477 0.00950620076319178 0.00729911960846249 0.00493794199130003 0.00247742095542018 -9.15527343754441e-05 -0.00277364737655434 -0.00557894880515494 -0.00851460436624608 -0.0115930957795424 -0.0147551062594406 -0.0180949093321948 -0.0215843644535869 -0.0251792134727225 -0.028982621938792 -0.032945754759416 -0.0370838130240639 -0.0413534458710965 -0.0458879065017177 -0.0505972810293555 -0.0555208378178185 -0.0606694292354884
22 0.0252899636679467 0.0239101385082546 0.0224443557328941 0.0208909916282358 0.0192483006450884 0.0175144056728963 0.0156872872367471 0.0137647716935817 0.0117445185358175 0.00961918245544928 0.00742617087945636 0.00507944088952812 0.00263388863156745 8.21286224239621e-05 -0.00258518941961276 -0.00537349608905191 -0.00829118923440925 -0.0113503453603904 -0.014496258527145 -0.0178162030022946 -0.0212849034222679 -0.0248573507112477 -0.0286424120474601 -0.0325823692371694 -0.0366962628978915 -0.0410010812854841 -0.0454507966677444 -0.0501329224215208 -0.0550278535291477 -0.0601464416929983 -0.0655441316770907
23 0.0238999957595729 0.0224468400290584 0.0209062775900042 0.0192765791023478 0.0175558847065011 0.0157421933861025 0.0138333513282853 0.0118270393848779 0.00971764008627287 0.00753864042631169 0.00520626269012693 0.00277553870510798 0.000240616950833526 -0.00241195617779605 -0.00518352057615152 -0.0080835679883782 -0.0111237971676112 -0.0142535907850787 -0.0175540495080232 -0.021002393378395 -0.0245529364832737 -0.0283196580740861 -0.0322368957042668 -0.0363270939144634 -0.040606611460107 -0.0450308027574658 -0.049688252420401 -0.054555091844229 -0.0596442288386536 -0.0650080384439314 -0.0706151764165604
24 0.0224358592278858 0.0209080037614329 0.0192911957852446 0.0175835923502243 0.0157832105063004 0.0138879158261728 0.0118954100247352 0.00980157791044341 0.00763653713367806 0.00531842242170004 0.00290239408747059 0.000384967801450369 -0.00225391051113906 -0.00500897628262541 -0.0078916812775399 -0.0109133729843974 -0.0140270515310125 -0.0173083815630339 -0.020736752253753 -0.0242658671798266 -0.0280142843075728 -0.0319092438478909 -0.0359762021724842 -0.0402309493176566 -0.0446284044691031 -0.0492631530614812 -0.0541024264916644 -0.0591626579919424 -0.0644934421121393 -0.0700665934584565 -0.0758613575748806
25 0.0208961704604543 0.0192921533963412 0.0175975337535896 0.0158103462699811 0.0139284754737257 0.0119496434614714 0.00987099936464451 0.00771986846225012 0.00541593300038878 0.00301447479808546 0.000514918515950571 -0.00211101882598082 -0.00484982158248915 -0.00771547530186406 -0.0107190017280971 -0.0138149390377139 -0.0170791368912544 -0.0204879041932463 -0.0239960471870151 -0.0277262259231976 -0.0315993287611022 -0.0356434900547197 -0.0398739801804938 -0.044245311020091 -0.0488575119323745 -0.0536697367733646 -0.0587016017745046 -0.0640001810700086 -0.0695401152036151 -0.0752989551442848 -0.0813952251563729
26 0.0192794521126862 0.0175977115071835 0.0158236057515493 0.0139550379136285 0.0119897500052403 0.00992531011775774 0.00778864056339424 0.00549880537035385 0.00311179813368647 0.000630234366456331 -0.00198325097316546 -0.00470601902074026 -0.00755490152630819 -0.0105406190571309 -0.0136173145034391 -0.0168662580334157 -0.0202557792507027 -0.023743388430429 -0.0274554135077261 -0.0313070707814576 -0.0353288659942723 -0.0395355965894145 -0.0438813932846117 -0.0484712221075765 -0.0532569075325766 -0.0582609381470339 -0.063528101837441 -0.069035567317734 -0.0747593397768523 -0.0808220745290708 -0.0871797571630674
27 0.0175841256440351 0.0158229914300805 0.0139676081494065 0.0120157372768052 0.00996496784449778 0.00784285837612319 0.00556704862508066 0.00319437881687124 0.000730708414185394 -0.0018705801633624 -0.00457753515184952 -0.00740991642859109 -0.0103781670183391 -0.0134360611638678 -0.0166696921765837 -0.020040313118871 -0.0235688451234346 -0.0272017844687223 -0.0310323953454311 -0.0350322442636878 -0.0392156979985294 -0.0435365305852878 -0.0481041820829663 -0.0528638291163964 -0.0578405504313078 -0.0630770588099271 -0.0685527844688589 -0.0742423212675783 -0.0802721016503916 -0.0865916660578702 -0.0932433625650669
28 0.0158085031907249 0.013966188548436 0.012027610212387 0.0099903776687199 0.00782149055044314 0.00562067010988575 0.00326222912429069 0.000816161381541693 -0.00177298289725857 -0.0044643404011078 -0.00728048127779429 -0.0102315937323302 -0.0132711091725647 -0.0164893910043101 -0.0198414468902368 -0.0233502727777203 -0.0269652804666281 -0.0307752328571132 -0.0347535447847857 -0.0389141904995763 -0.0432106102978146 -0.0477562957107844 -0.0524903973341727 -0.0574403273198852 -0.0626165556634176 -0.0680916100161536 -0.073747719532826 -0.0797451279915504 -0.0860276024888261 -0.0926390546942101 -0.0996061148844392
29 0.0139507788433747 0.0120253710667734 0.0100015444621799 0.00784661013484884 0.00565967550591292 0.00331535899484079 0.000886441538828912 -0.00169043890864848 -0.00436640894663048 -0.00716656194140307 -0.0101008531145527 -0.0131223960261604 -0.0163253105652106 -0.0196591268457167 -0.0231486388159691 -0.0267458470965541 -0.0305355185699454 -0.0344926928219429 -0.0386309865730702 -0.0429035274929863 -0.0474274721356675 -0.0521365134130167 -0.0570601628757576 -0.0622089014276641 -0.0676518957231935 -0.0732753642247981 -0.0792409835747623 -0.0854872162193688 -0.0920593953241811 -0.098984157415479 -0.106292233516219
30 0.0120090194147498 0.00999847036543336 0.00785718368439614 0.00568406889586285 0.00335377611816278 0.000941424606593699 -0.00162611623589554 -0.00428371862000392 -0.00706812871869781 -0.00998590462992952 -0.0129898662335662 -0.0161774111581454 -0.0194933042685472 -0.0229638816582565 -0.0265430122688872 -0.0303076500567718 -0.0342496193719048 -0.0383660048639264 -0.0426151846128903 -0.0471176257322604 -0.0518020839514807 -0.0566999565238422 -0.0618217258365319 -0.0672335014938172 -0.07282509437736 -0.0787595067777466 -0.0849703276480942 -0.0915041808460247 -0.0983876818551298 -0.105650954530418 -0.113329424642348
31 0.00998115478923469 0.00785321191448982 0.00569385281167325 0.00337748600368502 0.000981013674422438 -0.00157737651335549 -0.00421625082379213 -0.00698515619849514 -0.00988671307913238 -0.0128734710230283 -0.0160456572323252 -0.0193439352810159 -0.0227959456227859 -0.0263552197553942 -0.030102940512164 -0.0340242602052924 -0.0381191699794361 -0.0423454911784138 -0.0468266760448167 -0.0514870208722572 -0.0563596130360294 -0.06145492806043 -0.0668362951288035 -0.072396758080642 -0.0783005441485136 -0.0844767660152717 -0.0909732176763509 -0.0978164702148765 -0.105036073466154 -0.112666903923589 -0.120749624279413
