V1 V2 V3 V4 V5 V6 V7 V8 V9 V10 V11 V12 V13 V14 V15 V16 V17 V18 V19 V20 V21 V22 V23 V24 V25 V26 V27 V28 V29 V30 V31
1 0.0661832361102286 0.0661510489990346 0.0660544612639275 0.0658933934678879 0.0656677124442879 0.065377230150672 0.0650217020860486 0.0646008252928346 0.0641142359694202 0.0635615067232046 0.0629421434968017 0.0623166173577982 0.0615622202487015 0.0607392720732738 0.059846976023189 0.058884449512202 0.0578507197962655 0.0567447194421011 0.0555652816387659 0.054311135333007 0.052980900153501 0.0515730810718337 0.050086062729475 0.0485181033405093 0.046867328060043 0.0451317216885394 0.0433091205635405 0.0413972034728148 0.0394080434160056 0.0373229397890178 0.0350766234140796
2 0.0661560202685026 0.0660700232281287 0.0659195615469584 0.0657045109432363 0.0654246924717104 0.0650798710116005 0.0646697533354302 0.0641939857839776 0.0636521515766007 0.0630437677892457 0.0624293171903733 0.0616861040315259 0.060874461169149 0.0599936054222416 0.0590426685341121 0.0580206928179833 0.0569266266506914 0.0557593198110914 0.0545175186462889 0.0531998610335186 0.0518048710884213 0.0503309535521159 0.0487763877700167 0.0471393211556224 0.0454177620126807 0.0436095715702237 0.0417124550672223 0.039736106322147 0.0376671599033748 0.0354374272790997 0.0331662982675418
3 0.0660743538712746 0.0659344897296935 0.0657300568593504 0.0654608853306129 0.0651267492970703 0.0647273651324696 0.0642623891694476 0.0637314150687222 0.0631339708505926 0.0625305507787649 0.0617984711932765 0.0609980776693882 0.0601286004076931 0.0591891852246013 0.0581788892242278 0.0570966763175707 0.0559414125875099 0.0547118614850717 0.0534066788273436 0.0520244075506779 0.0505634721545938 0.0490221727525805 0.0473986786262024 0.0456910211591698 0.0438970860088602 0.042014604354881 0.0400508899469796 0.0379979016695694 0.0357845454714582 0.033530239759431 0.0311711055725399
4 0.0659381801617843 0.0657443538831533 0.0654858139905964 0.0651623438143832 0.0647736692083505 0.0643194563537621 0.0637993091889054 0.0632127664957229 0.0626203338332701 0.0618993394147034 0.0611101413049001 0.0602519828445169 0.059324023670427 0.0583253354148145 0.057254897250281 0.0561115912813933 0.0548941977702959 0.0536013901693001 0.0522317299168489 0.050783660935269 0.0492555037496797 0.0476454491276712 0.0459515511195817 0.0441717193599893 0.0423037104727997 0.0403524657818845 0.0383152390396898 0.0361180547244186 0.0338803585816292 0.031538304131654 0.0290888591844851
5 0.0657474040784214 0.0654994820724567 0.0651866597730914 0.0648086724010356 0.0643651958504617 0.063855844180443 0.0632801667583565 0.0626986802446661 0.0619887245156831 0.0612106699016115 0.0603637726460394 0.0594472059576795 0.0584600557376526 0.057401316151123 0.0562698850454803 0.0550645592048138 0.0537840294159995 0.0524268753054973 0.0509915598882269 0.0494764237509632 0.0478796787730759 0.0461994012676456 0.0444335244066094 0.042579829775287 0.0406409025652613 0.0386192431599998 0.0364380288884884 0.034216731645486 0.0318915360559832 0.0294594465331659 0.02691721544697
6 0.0655018915599165 0.0651997007279188 0.0648323798717474 0.0643996144704235 0.0639010285542527 0.0633361819065601 0.0627656021014627 0.0620666404741289 0.0612996794008986 0.0604639877958127 0.0595587521950017 0.0585830725132499 0.0575359576428679 0.0564163208987564 0.0552229753014089 0.0539546286755122 0.0526098785258889 0.0511872066349705 0.0496849733073428 0.0481014111673026 0.0464346183956724 0.0446825512726078 0.0428430158746826 0.0409162662800945 0.0389099823777082 0.0367445389480792 0.0345394329047967 0.032230878660103 0.0298159157336598 0.0272913374016893 0.0246536518938073
7 0.0652014685839302 0.0648447951122788 0.0644227173312685 0.0639348691002996 0.0633808204560866 0.0628211097050614 0.0621330994428315 0.061377183878053 0.0605526443675856 0.0596586805349634 0.058694406057397 0.0576588442927048 0.0565509237516182 0.0553694734091505 0.0541132178349275 0.0527807721067646 0.0513706364544723 0.0498811905624373 0.0483106874400264 0.0466572467492241 0.0449188474593579 0.0430933196801322 0.0411786201491169 0.0391875222448152 0.0370986881910079 0.0348485333790582 0.0325564062183094 0.0301583447392677 0.0276511815173668 0.0250314701145963 0.0222954447018158
8 0.0648459199499844 0.0644345078644904 0.0639573708967698 0.0634140891815049 0.0628652115827518 0.062188111764246 0.0614431955587224 0.0606297565433108 0.0597470071935474 0.0587940747020575 0.0577699966344419 0.0566737164293275 0.0555040787380782 0.0542598245862448 0.0529395863234663 0.0515418823115819 0.0500651112823488 0.0485075462769908 0.0468673280600429 0.0451424578805034 0.0433307894344843 0.0414300198661647 0.0394519255193514 0.0373784715936539 0.0351441011731685 0.0328681899943602 0.0304868083724275 0.0279968266294527 0.0253948419551171 0.0226771383348876 0.0198396452531368
9 0.0644349878202207 0.0639685373169463 0.0634359931251171 0.0628979144985524 0.0622316859831478 0.0614977248333026 0.0606953366291653 0.0598237464677088 0.0588820948143665 0.0578694331888821 0.0567847196937023 0.0556268143821576 0.0543944744505734 0.0530863492234031 0.0517009748837836 0.0502367688837829 0.0486920239495967 0.0470649015772483 0.0453534248949521 0.0435554707492838 0.0416687608547891 0.039703252164306 0.0376449867657821 0.0354262014938496 0.0331662982675419 0.0308013783607975 0.0283283483443207 0.0257438473815588 0.0230442074858541 0.0202254124222905 0.0172830562131637
10 0.0639683700338068 0.0634465356035905 0.0629192234618279 0.0622638288571593 0.0615407802692537 0.0607493950695709 0.0598889107509895 0.05895848081376 0.0579571704823802 0.0568839522630369 0.0557377013405105 0.0545171908006552 0.0532210866498344 0.0518479425862874 0.0503961944605014 0.0488641543427962 0.0472500040968161 0.0455517883380969 0.0437674066379454 0.0418946048150433 0.0399415593445333 0.0378982933303827 0.0356948966630825 0.0334507963552785 0.031102123369504 0.0286458190814414 0.026078563025522 0.0233967335023351 0.0205963667066381 0.0176731153195807 0.0146216425740708
11 0.0634457182123687 0.062929141733735 0.0622845453651099 0.0615723686213173 0.0607919404591593 0.0599425105471476 0.0590232451871698 0.0580332230635228 0.0569714308301936 0.055836758536869 0.0546279948816367 0.0533438222639637 0.0519828115954468 0.0505434168080903 0.0490239689813119 0.0474226699893346 0.0457375855512666 0.0439666375470923 0.0421075954448749 0.0401669014219376 0.0381384480825072 0.0359502461288175 0.0337217466326001 0.0313891090298336 0.0289493081115953 0.0263990622319404 0.0237347942849581 0.0209525910847692 0.0180481620747879 0.0150162456802456 0.0118526766733565
12 0.0629276708313855 0.0622938387132227 0.0615924948396062 0.0608229795526689 0.0599845544817733 0.0590763985022779 0.0580976035179247 0.0570471700788696 0.0559240028372518 0.0547269058301061 0.0534545775653182 0.0521056058704649 0.0506784624470611 0.0491714970541636 0.0475829312260702 0.0459108514094451 0.0441532013860921 0.0423077738295906 0.0403793299491853 0.0383655049898917 0.0361923064732586 0.033979208548705 0.0316623979646019 0.0292388815914548 0.0267054151030266 0.0240584643407121 0.0212941649695625 0.0184082813336093 0.0153956244890922 0.012252074793535 0.00895366465419385
13 0.0622917103391145 0.0616011620755488 0.0608425172727747 0.0600150493118946 0.0591179494187909 0.0581503224811166 0.057111182698008 0.0559994490658221 0.0548139406913676 0.0535533719103819 0.052216347173419 0.0508013556442402 0.0493067654374856 0.0477308174032942 0.046071618347239 0.0443271335548152 0.0424951784715846 0.0405788936622056 0.0385795151919091 0.0364211314189606 0.0342232386408838 0.0319220498104709 0.0295146025946897 0.0269976885384511 0.0243678148322405 0.0216211642665128 0.0187535542606642 0.0157603959275927 0.0126360246148611 0.00936425268215084 0.00598666552601733
14 0.0615983716856965 0.0608505567157963 0.0600339999335151 0.0591479046977393 0.0581913886494814 0.0571634793943126 0.0560631100189227 0.0548891144349132 0.0536402225295005 0.0523150550875364 0.0509121184324608 0.0494297987156691 0.0478663557649306 0.0462199163831226 0.0444884669696071 0.0426698453182279 0.0407656384717529 0.0387805269970426 0.0366367718330126 0.034453890546075 0.032168121237444 0.0297765311398733 0.0272759462719728 0.0246629136233392 0.0219336614280151 0.0190840583932282 0.0161095728353524 0.0130046154735776 0.00975944009750582 0.00639933167747746 0.00285634490075994
15 0.0608470991553049 0.0600414093871047 0.0591662692087473 0.0582208087892499 0.0572040689028692 0.0561149964772444 0.054952439968098 0.0537151445419946 0.0524017470337564 0.0510107706285366 0.0495406192007855 0.0479895712234779 0.0463557731419447 0.0446372320875137 0.0428318077879371 0.0409396074542374 0.0389685858791808 0.0369003108857749 0.0346712150102527 0.0324006659657708 0.0300247242154077 0.0275402489047127 0.0249438253207829 0.022231725503777 0.019399867700067 0.0164437755976911 0.0133579327501812 0.0101380546375215 0.00679631372302064 0.00327263160743646 -0.000387786048643905
16 0.0600372788610117 0.059173045935304 0.0582385877435246 0.057232957995848 0.0561551172161397 0.0550039281479928 0.0537781509695149 0.0524764382855166 0.0510973298495171 0.0496392469502863 0.0481004863792242 0.0464792138757221 0.0447734569287424 0.0429810967944698 0.0411008408420415 0.0391437344729354 0.0370897234269379 0.0348752598959165 0.0326197347805165 0.0302592358016742 0.0277906539353171 0.0252106113127306 0.022515422187533 0.0197010526363734 0.0167630799208823 0.0136960579400613 0.0104957470610744 0.00717768506795731 0.00367287605680636 3.11493014628384e-05 -0.00376858576054106
17 0.0591682359779839 0.058244728437312 0.0572501514892734 0.0561834790140452 0.0550435877913942 0.0538292527475664 0.0525391419818117 0.0511718115271951 0.0497256997830051 0.0481991215377384 0.0465902614826985 0.0448971670973818 0.0431177407694118 0.0412497309945579 0.0393060125681794 0.0372660869228341 0.0350660701879084 0.0328253755439868 0.0304801168906539 0.0280272157871837 0.0254633298038551 0.0227848138602162 0.0199876801949386 0.0170675578801526 0.0140190687201276 0.0108380172258789 0.00754351188831914 0.00405717505189496 0.000440980077039965 -0.00334034628315565 -0.00728827672197923
18 0.0582392318805816 0.0572556522478532 0.0562000866590094 0.0550714256829785 0.0538684587352597 0.0525898691384308 0.0512342289208647 0.0497999932934095 0.048285494725654 0.0466889365246892 0.0450083858003852 0.0432417656829146 0.0413868466408094 0.0394554571040611 0.0374294408302532 0.0352436879977309 0.0330176332062474 0.0306874155032038 0.0282499858329679 0.0257020358474249 0.0230399596297902 0.0202598139537702 0.0173572779749188 0.0143270390115317 0.0111649449655452 0.00789385370136561 0.0044256169502805 0.000840964258899354 -0.00292893329388902 -0.00685239859377819 -0.0109650337439524
19 0.0572494611878539 0.0562049429533115 0.0550874465816079 0.0538957757232134 0.0526286286574513 0.0512845931283414 0.0498621408641313 0.0483596217047185 0.0467752572426881 0.0451071338648105 0.0433531950626507 0.0415112328633976 0.039592102162635 0.0375798217506818 0.0354081525666173 0.0331965498139289 0.0308811767041924 0.0284590124165658 0.0259267813744844 0.023280915367873 0.020517514120231 0.0176323051804201 0.0146200390386001 0.0114766062282955 0.00816772874648766 0.00477828227183008 0.00116935551308185 -0.00253423118496427 -0.00643380258184257 -0.0105197295035665 -0.0147568828841005
20 0.0561980487161786 0.055091653224751 0.0539112084396307 0.052655427334905 0.0513229130951915 0.0499121536767429 0.0484215159841174 0.0468492395707643 0.045193429753322 0.0434520500110239 0.041622913524247 0.0397159789623124 0.0377172634276655 0.0355595002675231 0.0333621645175164 0.0310614426157124 0.0286543408727447 0.0261376152203491 0.02350773374336 0.0207608375719186 0.0178927009958125 0.0148981353840886 0.0117730731391875 0.00848725511533329 0.00511524427178991 0.00154754370416117 -0.00215613177285035 -0.0060323490128143 -0.0100923092472975 -0.0143031962249184 -0.018735954356738
21 0.0550840463310347 0.0539147595545496 0.0526702698666686 0.0513491956222058 0.0499500407208025 0.0484711888310602 0.046910897148226 0.0452672895779763 0.043538349220627 0.0417219100125367 0.039827115851301 0.0378417967437161 0.0356977646062091 0.0335145135773039 0.0312282524285162 0.0288360135446366 0.0263345831485609 0.0237204642531676 0.0209898378943887 0.0181385234889256 0.0151613910408858 0.0120544140586203 0.00879144028865251 0.00543656948042572 0.00189444325581508 -0.00179453371060358 -0.0056479081448875 -0.00968260053634918 -0.0138645660415396 -0.0182767446163991 -0.0228888428704883
22 0.0539064296822317 0.0526731588525228 0.0513634453710883 0.0499758088011165 0.0485086492796474 0.0469602413300475 0.0453287271122598 0.0436121089879499 0.0418082412601817 0.0399255383011774 0.0379534497169221 0.035822976221608 0.0336536303681916 0.0313816424118957 0.0290040697992259 0.026517727872495 0.0239191532503033 0.0212045654158988 0.0183698273377558 0.0154098654560418 0.0123206936372416 0.00908032220604859 0.00574231821043645 0.00221885427285805 -0.00146686023392302 -0.0052803594029635 -0.0092904436226473 -0.0134443820556522 -0.017835837910087 -0.0224195477476858 -0.0271750087578055
23 0.052664094798409 0.0513656648683686 0.0499894625432715 0.0485339041379601 0.0469972811955756 0.0453777538014034 0.043673343225361 0.0418819237555218 0.0400112689007129 0.0380522474974115 0.0359351628856217 0.0337795453834927 0.0315216459221211 0.0291585460410383 0.0266870890747491 0.0241038439693661 0.0214050672392897 0.018586663868871 0.0156441663749313 0.0125719728673578 0.00935393452604503 0.00603254503329011 0.00252738115023393 -0.00109476140692895 -0.00492959068917866 -0.00891569052857567 -0.0130424465819251 -0.0174130970887408 -0.0219691017117113 -0.02669382469206 -0.0316933474885979
24 0.0513558545075077 0.0499910043973869 0.0485469579934495 0.0470220235554948 0.0454143787709631 0.0437220634713175 0.0419429715552637 0.0400843273501233 0.0381382123638058 0.0360343495024745 0.0338922862378822 0.0316482934096362 0.0292994757241492 0.026842703424519 0.0242745765496803 0.0215913872711711 0.0187890810928358 0.0158632177767027 0.0128083091309424 0.00961230701502859 0.00630729922560247 0.00282009670639634 -0.000794740242416666 -0.00459549776388717 -0.00855820420276764 -0.0126585764724329 -0.0170083928539566 -0.0215373474352644 -0.0262321668237204 -0.0312065311532425 -0.0364067603379151
25 0.0499804346401077 0.048547813216542 0.0470344729570672 0.0454386088336716 0.0437582788988819 0.0419913962946766 0.0401447304558024 0.0382113637197858 0.0361205581077927 0.0339918776696407 0.0317616124251235 0.0294268893626842 0.0269846045930437 0.0244313880561396 0.0217635662485248 0.0189771237367544 0.0160676643062809 0.0130297562443565 0.00985546590989121 0.00656662518661124 0.00309706736321655 -0.000506328611630213 -0.00427798369215694 -0.00821785774814173 -0.0122926021493791 -0.0166216033372463 -0.0211241373390457 -0.0257898490301843 -0.0307392036097978 -0.035908198461274 -0.0413323646953149
26 0.0485364699625185 0.0470346316876214 0.0454504484945563 0.0437819963224587 0.0420272071960215 0.0401924921256633 0.0382717180908676 0.0361938078674882 0.0340783415423259 0.031861627624605 0.0295408145399418 0.0271128232673047 0.024574312497964 0.0219216417628516 0.0191508332741139 0.0162575333156712 0.0132363644998693 0.0100832172250068 0.00681056282776881 0.00335835359211555 -0.000230063855141988 -0.00397695835098401 -0.00789453371830342 -0.0120054018640845 -0.0162526137253901 -0.0207293330018845 -0.0253666974559203 -0.0302912302039102 -0.0354297291136825 -0.0408213743938941 -0.0464317560119091
27 0.0470224997763159 0.0454498999543246 0.0437932202028367 0.042050411075255 0.0402276233651742 0.0383192891214969 0.0362541150765709 0.0341516968459705 0.031948360773655 0.0296412759162505 0.0272273871620934 0.0247033808454391 0.0220656482820175 0.0193102479519826 0.0164328671497422 0.0134281807040778 0.0102921186602582 0.00703914793542353 0.00360401033084996 3.35462530419955e-05 -0.00369233799246592 -0.0075881234783246 -0.0116747602422172 -0.0158978496954132 -0.0203528046312728 -0.0250235848808964 -0.0298624822091547 -0.0349711986942252 -0.04033108686337 -0.0459068798333497 -0.0518365478413529
28 0.0454369631110303 0.04379195265047 0.0420610123469634 0.040250132274135 0.0383540875725306 0.0363014931579855 0.0342119596979005 0.0320218307508709 0.0297282952356933 0.0273283210305478 0.024818621044795 0.0221956171698627 0.0194554028157007 0.0165937048363662 0.0136052482133284 0.010486001988696 0.00725241250749377 0.00383408737189938 0.000284023371921436 -0.00342404485835018 -0.00729852662593388 -0.0113615784562834 -0.0155645396566233 -0.0199944305886219 -0.0246382893819141 -0.0294528367721943 -0.0345324614484445 -0.0398613346399592 -0.0454034029914082 -0.0513007357106943 -0.0574723570680944
29 0.0437781934270299 0.0420590130275801 0.0402600240442627 0.0383761213191852 0.0363359526615304 0.0342591433432991 0.0320820535506853 0.0298018913317885 0.0274156466732907 0.0249200580313041 0.0223115767037221 0.0195863297311711 0.0167400821137307 0.0137676069662193 0.0106649116907499 0.00745038506499883 0.00404862972332077 0.000520918450232139 -0.00317200684151785 -0.00702565046911623 -0.011065732897525 -0.015248668288665 -0.0196540969639738 -0.0242717046245032 -0.0290621768536611 -0.0341133792018237 -0.0394119591277778 -0.0449821753243775 -0.0507866959774901 -0.0569219530837179 -0.0633814677542954
30 0.0420444127368437 0.040257300957638 0.0383853953494815 0.0363575012629569 0.0342932581555489 0.0321290422856001 0.0298620801322352 0.0274893829462499 0.0250077137407211 0.0224135520899497 0.0197030574048286 0.0168720314550473 0.0139152935132627 0.0108288887202242 0.0076330909392523 0.00424767794293221 0.000743811576997382 -0.00293615719018248 -0.0067694095562688 -0.0107871096879074 -0.0149501540077011 -0.0193316971953624 -0.0239236986546991 -0.0286903911661112 -0.0337070443222544 -0.038982810262732 -0.0445209513719163 -0.0502942596358385 -0.0563939931371258 -0.0628153788778196 -0.0695827155594923
31 0.0402419623859987 0.0383819117632523 0.0363661437632514 0.034314311636433 0.0321628071879252 0.0299088746627739 0.0275495457672597 0.0250816071191484 0.0225015654775154 0.0198056114014023 0.0169895820907762 0.0140483410438119 0.010977970536053 0.00780055253546503 0.00443126844659306 0.000952311828823747 -0.00271643425071235 -0.00652972525506103 -0.0105256040916915 -0.0146689197672181 -0.0190271317284517 -0.0235941485291064 -0.0283359293547151 -0.0333274347191892 -0.0385737462042989 -0.0440806008919371 -0.049819755109731 -0.0558882994120675 -0.0622724520246887 -0.0689998116871801 -0.0760958606007754
