0.04 0.08 0.12 0.16 0.2 0.24 0.28 0.32 0.36 0.4 0.44 0.48 0.52 0.56 0.6 0.64 0.68 0.72 0.76 0.8 0.84 0.88 0.92 0.96
0.04 0.0778835648584436 0.0734349830896464 0.0688781266145914 0.0641952763797576 0.0594411529257551 0.0545116134013396 0.049455893455291 0.0442635626180577 0.0389378589056601 0.033411360637031 0.0277642349593762 0.0219336928628191 0.0159138516249097 0.00968834254193891 0.003269315246039 -0.00338435122152884 -0.0102873029044496 -0.0174178467596247 -0.0248473887202329 -0.0325210301910206 -0.0405316252357144 -0.0488732423880212 -0.0575214306370597 -0.0665439271901484
0.08 0.0772442701866003 0.072797051183998 0.0682417284805387 0.063555581893457 0.0588058899995931 0.0538800261473583 0.0488276795163462 0.0436387436978168 0.0383217108860886 0.0327964736841398 0.0271525536800808 0.0213266560945108 0.0153125852096846 0.00908424154372261 0.0026816438923303 -0.00396239988321627 -0.0108582396091705 -0.017974575463282 -0.0253926964994212 -0.0330485207432114 -0.0410422849043741 -0.0493644029951375 -0.057987884267134 -0.066983377815857
0.12 0.0766008861711149 0.0721549371816474 0.0676012716494501 0.0629123064676123 0.0581668762285469 0.05324460384418 0.0481956048975117 0.0430100772486134 0.0377013169397359 0.0321776144616986 0.0265370920664138 0.0207159791178731 0.0147077920562549 0.00847792319169134 0.00209098936966258 -0.0045437157744125 -0.0114327137615278 -0.0185342730263261 -0.0259409292036654 -0.0335785309508063 -0.0415552972535266 -0.0498577004243717 -0.0584561875014589 -0.0674244153761653
0.16 0.0759533520149931 0.0715087748600567 0.0669566976556508 0.0622653590925223 0.0575240353277199 0.052605280198469 0.0475596099180637 0.0423775079427128 0.0370766545131459 0.0315547500195207 0.025917810744638 0.0201016194269396 0.0140994290581668 0.00793030324808622 0.00148527966129175 -0.00512836082961834 -0.0120108048961031 -0.0190969783111058 -0.0264921262031453 -0.0341110846076769 -0.0420706840510193 -0.050292117041099 -0.0589263540891734 -0.0678670501419766
0.2 0.0753016057941775 0.0708584191107225 0.0663077379957216 0.0616146495676228 0.0568772911380194 0.0519619885601835 0.0469196342238116 0.0417409795917539 0.0363866635369253 0.0309278454751947 0.0252946687822089 0.0194835332646904 0.0134874520942669 0.0073191903510323 0.000918433420758274 -0.00571640065775624 -0.0125925944327591 -0.0196627311123523 -0.0269852923366536 -0.0346462058340456 -0.0425884673135228 -0.0507897254099591 -0.0593983979155608 -0.0683112924660685
0.24 0.0746455844069046 0.0702038071906693 0.0656484143224846 0.0610211235370562 0.0562265675280831 0.0513146618441508 0.0462756167248093 0.0411004350970412 0.0357533870429253 0.0302968640080572 0.0246676236812671 0.0188616756142978 0.0128718160167221 0.00670549695863959 0.000302292686411548 -0.0063079044624879 -0.0131171304202962 -0.0202315721645814 -0.0275425385172095 -0.0351839190849629 -0.0431086693073147 -0.0512895389161288 -0.0598723330035289 -0.0687571527836237
0.28 0.0739851460483312 0.0695448752613961 0.0649853622182519 0.0603626217438302 0.0555717882961393 0.0506632324515402 0.0456274955328226 0.0404605972179858 0.0351157602186037 0.0296617668526195 0.024036631371317 0.0182360001893832 0.0122524746379911 0.00608909873218072 -0.000302142186550571 -0.00690294495722751 -0.0137065680578256 -0.0208035431473696 -0.0281028707728553 -0.0357242491592679 -0.0436313125346274 -0.0517915601309335 -0.0603481735150735 -0.0692046416127484
0.32 0.0733203567361883 0.0688815583182087 0.0643184756788732 0.0597000908462682 0.0549128770717817 0.0500076321911608 0.0449752078984446 0.0398178418733246 0.0344737510235201 0.029022513291356 0.0234016462010561 0.0176064594232655 0.0116293807166582 0.00546986970214612 -0.000894911576828413 -0.00750159827479067 -0.0142999586499812 -0.0213786866883379 -0.0286663308475379 -0.0362672212090702 -0.0441564197907136 -0.0522958070960667 -0.0608259337527807 -0.0696537695550048
0.36 0.0726511033197237 0.0682137901202998 0.0636476498403403 0.0590334426717856 0.0542497572176259 0.049347792200551 0.0443186901478643 0.0391703631275588 0.0338273250241449 0.0283790606467944 0.0227626209292591 0.0169730044570736 0.0110024859420807 0.00484768227978971 -0.00153709677639146 -0.00810394387163104 -0.0148973901210306 -0.0219570463637452 -0.029232961018271 -0.0368128607497639 -0.0446840140806244 -0.0528022979784022 -0.0613056281613076 -0.0701045472959342
0.4 0.0719773158727822 0.0675415031213224 0.0629727808316892 0.0583625892517169 0.0535823517307904 0.048683642866804 0.0436578776191536 0.03851813623069 0.0331764453843898 0.0277313642728024 0.0221195067146428 0.0163355851266832 0.0103717409177907 0.00422240727047522 -0.00213609456777621 -0.00871006442658006 -0.0154948730340919 -0.0225386666965622 -0.0298028040659419 -0.0373611936706009 -0.0452141186746537 -0.0533110510677319 -0.0617872713289013 -0.070556985605579
0.44 0.0712989232605168 0.0668619734680485 0.0622937656274501 0.0576874426996676 0.0529105831441852 0.048015113747037 0.0429927045980339 0.0378611335322678 0.0325210728555542 0.0270793775450456 0.0214722531046389 0.0156941499484067 0.0097277949798519 0.00359391388894808 -0.00275417071535678 -0.00932004573409348 -0.0160911814519961 -0.0231235931518856 -0.030375903243461 -0.0379122462458629 -0.0457467570949476 -0.0538220847742933 -0.0622708779888938 -0.0710110953390278
0.48 0.0706158530505994 0.0661741094562315 0.061671537055908 0.0570079150896166 0.0522343734275237 0.0473421334884732 0.0423231042530392 0.0371993244677777 0.0318611657655859 0.0264230518504474 0.0208208080229763 0.0150486461033228 0.00907936402387533 0.00296206977659529 -0.00337598576015655 -0.00993397659189161 -0.0166908390461854 -0.0237118721295891 -0.0309510383311349 -0.0384748273482202 -0.0462819531155825 -0.0543354176261005 -0.0627564630212298 -0.071466887436936
0.52 0.0699280314256259 0.0654821100089205 0.0609839230256344 0.0563239183337421 0.0515536438880086 0.0466646297480135 0.0416490085699763 0.0364716403882763 0.0311966800075708 0.025762336575629 0.0201651177559808 0.0143990194202156 0.00842824974941092 0.00232674102083535 -0.00400160804100416 -0.0105519486829819 -0.0172938823350514 -0.024303550954071 -0.0315253985153136 -0.0390321339215885 -0.0468197307625259 -0.0548510682660116 -0.0632440414539891 -0.0719243729260907
0.56 0.0692353830963666 0.0647858552281328 0.0602918573141003 0.055635364059917 0.0508683150706275 0.0459825291112545 0.040975823542249 0.0358001151707385 0.0305275544033706 0.0250971790941868 0.0195051269375079 0.013745214356981 0.00783534145494253 0.00168680560707973 -0.00463111079836401 -0.0111740564519865 -0.0179050070244414 -0.0248986778609468 -0.0321028054660583 -0.039592287860236 -0.0473601143134143 -0.0553690554485486 -0.0637336284649145 -0.0723835629199589
0.6 0.0685378312155354 0.0640852263629493 0.0595952387932791 0.0549421634888197 0.0501783066579722 0.0452957570108303 0.0402987127774434 0.0351236742652307 0.0298540192090226 0.024427524752712 0.0188407785323952 0.0130871739804682 0.00717842080365167 0.00106851404099578 -0.00526457207777483 -0.0118003969757293 -0.0185158144260998 -0.0254973019805851 -0.0326832918498892 -0.0401553187821844 -0.0479031282972133 -0.0558893980364111 -0.064225239382961 -0.0728444686192651
0.64 0.0678342231728503 0.0633801056300308 0.0588939664360289 0.0542442273106041 0.0494835373694881 0.044604237643991 0.0396163235311807 0.0344422753038265 0.0291754820630914 0.0237533168554575 0.0181720138183362 0.0124248399446178 0.00651837276952875 0.000402195063484723 -0.00590207462548482 -0.0124310698279938 -0.0191302488705851 -0.0260994733183202 -0.0332668908512509 -0.0407212567123289 -0.0484487974936626 -0.0564121149966678 -0.0647188896898301 -0.0733071013125821
0.68 0.0671199272198291 0.062731411189541 0.0581879391656484 0.0535414655610437 0.048783924860071 0.0439078938893125 0.0389286235436058 0.033755872927403 0.0284921670467009 0.0230744966474972 0.0174987723660698 0.0117581524668345 0.00585504502334459 -0.000251166189731008 -0.00654370577617317 -0.0130051417821354 -0.0197483621091334 -0.0267052427312019 -0.0338536361863885 -0.0412901320859377 -0.0489971469325786 -0.0569372253965955 -0.0652145950215346 -0.0737714723769501
0.72 0.0664011351826399 0.0620169563389883 0.057477055704875 0.0528337874970711 0.0480793856179087 0.0432066472224156 0.0382355769849603 0.0330644187676749 0.0278040127161793 0.0223910032962997 0.0168209920177509 0.0110870503024821 0.00518828310238694 -0.000891627408327859 -0.00718955733257697 -0.0136447872889666 -0.0203702071544243 -0.0273146619011457 -0.0344435621179936 -0.0418619757520414 -0.0495482018929088 -0.057464748399098 -0.0657123711699509 -0.0742375932785209
0.76 0.0656777109684997 0.0612976602687114 0.0567612144241896 0.0521211014716265 0.0473698348614165 0.0425004176305584 0.0374761092764412 0.0323678614281267 0.027110962782939 0.021702773871539 0.0161386088634081 0.0104108413144869 0.00451793042659983 -0.00158028939683822 -0.00783972543693607 -0.0142890773860414 -0.0209958382872741 -0.0278667481480314 -0.0350367034706627 -0.042436818976684 -0.0501019879016027 -0.057994707363709 -0.0662122340844 -0.0747054755732229
0.8 0.0649495197284154 0.0605734072539756 0.056040313189413 0.0514033148076884 0.046655186435199 0.0417924745004761 0.036772247691387 0.031666146463658 0.0264129557051948 0.0210097433230402 0.0154515572153421 0.00971923743673274 0.00384382831754695 -0.00222918947917855 -0.00849431043408026 -0.0149381201632195 -0.0216253110597356 -0.0284836250201403 -0.0356330956471903 -0.0430146934460926 -0.050658530732205 -0.0585271134146045 -0.0667141998732121 -0.0751751309074832
0.84 0.0642164276395232 0.0598440816273992 0.0553142492084663 0.0506803336713664 0.0459353527048413 0.041082669340368 0.0360629103929346 0.0309592163588401 0.0257099273747783 0.0203118444566871 0.0147597695803356 0.0090245697344208 0.00316581602035718 -0.00289680978361579 -0.00915341672603682 -0.0155920254406296 -0.022258682294486 -0.0291043113179397 -0.036232774645783 -0.0435956312696842 -0.0512178564032181 -0.0590617604715122 -0.0672182848053227 -0.0756465710189691
0.88 0.0635393368423454 0.0591095675941168 0.0545829188771908 0.0499520629439625 0.0452102444504187 0.0403669974434294 0.0353480470329717 0.0302470105045676 0.0250018110935282 0.0196090079081488 0.0140631766295608 0.00838769876755775 0.00248373072885243 -0.00356886356824919 -0.00981715261801527 -0.0162418019852063 -0.0228960100802146 -0.0297288616760337 -0.036835777078186 -0.044179664982946 -0.0517799911761162 -0.0595970826573041 -0.0677245053118673 -0.0761198077373673
0.92 0.0627960445953687 0.0583697490458874 0.0538462176241362 0.0492184060927795 0.0444797707585419 0.0396454191940371 0.0346276035684646 0.0295294651730046 0.0242885375475733 0.0189011621142728 0.0133617071659971 0.00768637680103433 0.00179740761404181 -0.00424543820050635 -0.0104856301555767 -0.0168951965336462 -0.0235373537627915 -0.0303573313593475 -0.0374421401888533 -0.0447668275501424 -0.0523449615530522 -0.060134889483591 -0.0682328776103986 -0.0765948529852156
0.96 0.062047453990714 0.0576245093740098 0.0531040397541395 0.0484792650405875 0.0437438389127888 0.0389178906139568 0.0339015222325234 0.0288065134905557 0.0235700347793621 0.0181882332819481 0.012655288089258 0.00698145874994625 0.00113196491657329 -0.00492662724312264 -0.0111589649528475 -0.0175526878682063 -0.0241827739319661 -0.0309897762106729 -0.0380519018751279 -0.0453571523668478 -0.052912794274117 -0.0606752028944743 -0.0687434192031567 -0.0770717187787706
